2
0
0
716498457333664896366164547276837142870761151306
0
0
0
0
0
0
716498457333664896366164547276837142870761151305
0
0
0
0
0
0
906812219300248633406103563901003848124211040868
0
0
0
0
0
0
190313761966583737039939016624166705253449889563
0
0
0
0
0
0
190313761966583737039939016624166705253449889564
3
566757637062655395878814727438127405077631900543
113351527412531079175762945487625481015526380108
566757637062655395878814727438127405077631900543
113351527412531079175762945487625481015526380108
566757637062655395878814727438127405077631900543
113351527412531079175762945487625481015526380108
283378818531327697939407363719063702538815950272
56675763706265539587881472743812740507763190054
736784928181452014642459145669565626600921470706
510081873356389856290933254694314664569868710488
283378818531327697939407363719063702538815950271
56675763706265539587881472743812740507763190054
