-2
0
0
21038131726444024911439895948070498837422072019412202819621681020173020833833036780799962330418954315247158154710273
0
0
0
0
0
0
21038131726444024911439895948070498837422072019412202819621681020173020833833036780799962330418954315247158154710272
0
0
0
0
0
0
21038131726444024911439895948306533107827498101528924740530019528257920936818170106058575787946516632364614849833642
0
0
0
0
0
0
236034270405426082116721920908338508084900102985133325258613457527562317117456695123370
0
0
0
0
0
0
236034270405426082116721920908338508084900102985133325258613457527562317117456695123371
3
7889299397416509341789960980614949915435311788073346777698757323096720351306813789771965920479943737136730568687616
2629766465805503113929986993538316638478437262691115592566252441032240117102271263257321973493314579045576856229205
7889299397416509341789960980614949915435311788073346777698757323096720351306813789771965920479943737136730568687616
2629766465805503113929986993538316638478437262691115592566252441032240117102271263257321973493314579045576856229205
7889299397416509341789960980614949915435311788073346777698757323096720351306813789771965920479943737136730568687616
2629766465805503113929986993538316638478437262691115592566252441032240117102271263257321973493314579045576856229205
14463715561930267126614928464460741511631404944801135759114388425677320644062491947915270854213230184750672709260630
1314883232902751556964993496769158319239218631345557796283126220516120058551135631628660986746657289522788428114602
3944649698708254670894980490307474957717655894036673388849378661548360175653406894885982960239971868568365284343808
11833949096124764012684941470922424873152967682110020166548135984645080526960220684657948880719915605705095853031424
14463715561930267126614928464460741511631404944801135759114388425677320644062491947915270854213230184750672709260629
1314883232902751556964993496769158319239218631345557796283126220516120058551135631628660986746657289522788428114602
