256
0 0
1 0
2 0
3 0
4 0
5 0
6 0
7 0
8 0
9 0
10 0
11 0
12 0
13 0
14 0
15 1
16 0
17 0
18 0
19 0
20 0
21 0
22 1
23 0
24 0
25 0
26 0
27 0
28 0
29 0
30 1
31 1
32 0
33 0
34 0
35 0
36 0
37 1
38 0
39 0
40 0
41 0
42 0
43 0
44 0
45 1
46 0
47 1
48 0
49 0
50 0
51 0
52 0
53 1
54 1
55 0
56 0
57 0
58 0
59 0
60 0
61 1
62 1
63 1
64 0
65 0
66 0
67 0
68 1
69 0
70 0
71 0
72 0
73 0
74 0
75 0
76 1
77 0
78 0
79 1
80 0
81 0
82 0
83 0
84 1
85 0
86 1
87 0
88 0
89 0
90 0
91 0
92 1
93 0
94 1
95 1
96 0
97 0
98 0
99 0
100 1
101 1
102 0
103 0
104 0
105 0
106 0
107 0
108 1
109 1
110 0
111 1
112 0
113 0
114 0
115 0
116 1
117 1
118 1
119 0
120 0
121 0
122 0
123 0
124 1
125 1
126 1
127 1
128 0
129 0
130 0
131 0
132 0
133 0
134 0
135 0
136 0
137 0
138 0
139 1
140 0
141 0
142 0
143 1
144 0
145 0
146 1
147 0
148 0
149 0
150 1
151 0
152 0
153 0
154 1
155 1
156 0
157 0
158 1
159 1
160 0
161 1
162 0
163 0
164 0
165 1
166 0
167 0
168 0
169 1
170 0
171 1
172 0
173 1
174 0
175 1
176 0
177 1
178 1
179 0
180 0
181 1
182 1
183 0
184 0
185 1
186 1
187 1
188 0
189 1
190 1
191 1
192 1
193 0
194 0
195 0
196 1
197 0
198 0
199 0
200 1
201 0
202 0
203 1
204 1
205 0
206 0
207 1
208 1
209 0
210 1
211 0
212 1
213 0
214 1
215 0
216 1
217 0
218 1
219 1
220 1
221 0
222 1
223 1
224 1
225 1
226 0
227 0
228 1
229 1
230 0
231 0
232 1
233 1
234 0
235 1
236 1
237 1
238 0
239 1
240 1
241 1
242 1
243 0
244 1
245 1
246 1
247 0
248 1
249 1
250 1
251 1
252 1
253 1
254 1
255 1
